function b = meutccerto()

b = [ 0       0.0  .011785088  1.4142136;
     50     .5E-3  .011575377 1.38916399;
    100     .1E-2  .010955603 1.31490255;
    150     .0015  .009947721 1.19406004;
    200      .002  .008587437 1.03091735; 
    250     .0025  .006922938 .831253898;
    300      .003  .005013191 .602142865;
    350     .0035  .002925849 .351700621;
    400      .004  .734857E-3 .088799207;
    450     .0045  -.00148217 -.17724796;
    500      .005  -.00364668 -.43701604;
    550     .0055  -.00568202  -.6813026;
    600      .006  -.00751606 -.90145368;
    650     .0065  -.00908384 -1.0896703;
    700      .007  -.01032983 -1.2392848;
    750     .0075  -.01120987 -1.3449971;
    800      .008   -.0116928 -1.4030621;
    850     .0085   -.0117615  -1.411423;
    900      .009  -.01141355 -1.3697835;
    950     .0095  -.01066127 -1.2796187;
   1000       .01  -.00953131 -1.1441228;
   1050     .0105  -.00806369 -.96809583;
   1100      .011  -.00631042 -.75777354;
   1150     .0115  -.00433359 -.52060675;
   1200      .012  -.00220325  -.2649972;
   1250     .0125  .514909E-5 -.2014E-12;
   1300      .013  .002213363 .264997204;
   1350     .0135  .004343167 .520606749;
   1400      .014  .006319112 .757773541;
   1450     .0145    .0080712 .968095827;
   1500      .015  .009537362 1.14412284;
   1550     .0155  .010665658 1.27961872;
   1600      .016  .011416118 1.36978348;
   1650     .0165  .011762156 1.41142297;
   1700      .017  .011691514  1.4030621;
   1750     .0175  .011206694 1.34499706;
   1800      .018  .010324872 1.23928482;
   1850     .0185  .009077286 1.08967031;
   1900      .019  .007508133 .901453675;
   1950     .0195     .005673 .681302598;
   2000       .02  .003636899 .437016036;
   2050     .0205  .001471959 .177247963;
   2100      .021  -.74513E-3 -.08879921;
   2150     .0215  -.00293581 -.35170062;
   2200      .022   -.0050225 -.60214286;
   2250     .0225  -.00693126  -.8312539;
   2300      .023  -.00859448 -1.0309173;
   2350     .0235  -.00995323   -1.19406;
   2400      .024  -.01095939 -1.3149026;
   2450     .0245   -.0115773  -1.389164;
   2500      .025  -.01178508 -1.4142136;
   2550     .0255  -.01157537  -1.389164;
   2600      .026   -.0109556 -1.3149026;
   2650     .0265  -.00994772   -1.19406;
   2700      .027  -.00858743 -1.0309173;
   2750     .0275  -.00692293  -.8312539;
   2800      .028  -.00501319 -.60214286;
   2850     .0285  -.00292584 -.35170062;
   2900      .029  -.73485E-3 -.08879921;
   2950     .0295  .928609347 111.434786;
   3000       .03  5.74114548 688.970002;
   3050     .0305  14.4479484 1733.88527;
   3100      .031  26.6889396 3203.00786;
   3150     .0315  41.9794865 5038.21436;
   3200      .032   59.727787 7168.48875;
   3250     .0325  79.2563991 9512.43721;
   3300      .033  99.8236516 11981.1706;
   3350     .0335  120.652536 14481.4526;
   3400      .034  140.957382 16919.0014;
   3450     .0345  159.971681 19201.8292;
   3500      .035  176.975234 21243.4998;
   3550     .0355  191.319656 22966.1896;
   3600      .036  202.451342 24303.4442;
   3650     .0365  205.001654  25202.531;
   3700      .037  176.345064 25626.3161;
   3750     .0375  148.340443 25554.5641;
   3800      .038  120.868314 24984.6548;
   3850     .0385  93.9635479 23931.6804;
   3900      .039   67.787209 22427.9101;
   3950     .0395  42.5981108  20521.646;
   4000       .04  18.7244434 18275.5112;
   4050     .0405  -3.4640734 15764.2306;
   4100      .041  -23.582987 13071.9828;
   4150     .0415  -41.258303 10289.4172;
   4200      .042  -56.149505 7510.44212;
   4250     .0425  -67.969877  4828.8972;
   4300      .043  -76.503627 2335.22822;
   4350     .0435   -81.61942 113.282435;
   4400      .044  -83.280007 -1762.6626;
   4450     .0445  -81.547746 -3230.5309;
   4500      .045  -76.585935 -4242.6481;
   4550     .0455  -68.656027 -4767.4307;
   4600      .046    -58.1109  -4790.506;
   4650     .0465  -45.384492 -4315.2215;
   4700      .047  -30.978232 -3362.5273;
   4750     .0475  -16.505952 -1970.2344;
   4800      .048   -1.684087 -191.67546;
   4850     .0485  15.7976016 1906.18215;
   4900      .049  32.6268301 4245.10913;
   4950     .0495   46.685874 6738.38677;
   5000       .05  59.0273035  9293.8761;
   5050     .0505  69.1949532 11817.2818;
   5100      .051   76.812973 14215.4924;
   5150     .0515   81.598624 16399.8779;
   5200      .052  83.3718572 18289.4292;
   5250     .0525  82.0613214 19813.6273;
   5300      .053  77.7065792 20914.9406;
   5350     .0535  70.4564414  21550.863;
   5400      .054  60.5634726 21695.4185;
   5450     .0545  48.3748561 21340.0814;
   5500      .055  34.3199362 20494.0773;
   5550     .0555  18.8948738 19184.0563;
   5600      .056  2.64495723 17453.1478;
   5650     .0565  -13.854811 15359.4325;
   5700      .057  -30.020164 12973.8844;
   5750     .0575  -45.278337 10377.8554;
   5800      .058  -59.088415 7660.19383;
   5850     .0585  -70.960544 4914.09549;
   5900      .059  -80.473323 2233.80232;
   5950     .0595  -87.288771 -288.73694;
   6000       .06  -91.164324 -2567.1245;
   6050     .0605  -91.961459 -4523.5746;
   6100      .061  -89.650613 -6091.6698;
   6150     .0615  -84.312257  -7218.714;
   6200      .062  -76.134053 -7867.5999;
   6250     .0625  -66.904768 -8018.1238;
   6300      .063   -63.98054 -7667.6993;
   6350     .0635  -57.008116 -6831.4536;
   6400      .064  -46.256947 -5541.6923;
   6450     .0645  -32.130071 -3846.7535;
   6500      .065  -15.149831 -1809.2957;
   6550     .0655  4.06061976 495.921508;
   6600      .066  24.7993938 2984.68514;
   6650     .0665  46.3107287 5566.31203;
   6700      .067  67.8117575 8146.86076;
   6750     .0675  88.5202392 10632.4592;
   6800      .068  103.223508   12932.63;
   6850     .0685  102.722764 14963.4996;
   6900      .069  99.6578616 16650.7618;
   6950     .0695  93.9524736 17932.3104;
   7000       .07  85.6527675  18760.441;
   7050     .0705   74.921269 19103.5409;
   7100      .071  62.0273017  18947.208;
   7150     .0715  47.3342347 18294.7615;
   7200      .072  31.2838981 17167.1231;
   7250     .0725  14.3786392  15602.076;
   7300      .073  -2.8384075  13652.926;
   7350     .0735  -19.804196 11386.6126;
   7400      .074  -35.957095 8881.33735;
   7450     .0745  -50.757949 6223.79338;
   7500      .075  -63.710166 3506.09368;
   7550     .0755  -74.378135 822.507747;
   7600      .076  -82.403366 -1733.8783;
   7650     .0765  -87.517779 -4074.4597;
   7700      .077  -89.553707  -6118.252;
   7750     .0775   -88.45025 -7794.7608;
   7800      .078  -84.255798 -9046.4788;
   7850     .0785   -82.01012 -9830.9231;
   7900      .079  -84.431783 -10122.138;
   7950     .0795  -82.672328 -9911.6193;
   8000       .08   -76.80909 -9208.6178;
   8050     .0805  -67.064594 -8039.8068;
   8100      .081  -53.798676 -6448.3394;
   8150     .0815  -37.495735 -4492.3195;
   8200      .082  -18.747581 -2242.7441;
   8250     .0825  1.76753625 219.011976;
   8300      .083  23.3089446 2804.07835;
   8350     .0835  45.0997905 5419.23703;
   8400      .084  66.3545558 7970.22458;
   8450     .0845  86.3068829 10365.0711;
   8500      .085  104.236722 12517.3582;
   8550     .0855  119.495835 14349.2798;
   8600      .086  128.312512 15794.3989;
   8650     .0865  116.035916 16800.0057;
   8700      .087  102.009209 17328.9766;
   8750     .0875  86.3511408 17361.0884;
   8800      .088  69.2971513 16893.7384;
   8850     .0885  51.1818809 15942.0358;
   8900      .089  32.4195812 14538.2665;
   8950     .0895  13.4829108 12730.7491;
   9000       .09  -5.1193251 10582.1229;
   9050     .0905  -22.864857 8167.12852;
   9100      .091  -39.240389 5569.96025;
   9150     .0915  -53.763103 2881.28292;
   9200      .092  -66.000573 195.019966;
   9250     .0925  -75.588453 -2394.9741;
   9300      .093  -82.245385 -4798.2388;
   9350     .0935  -85.784659 -6930.9124;
   9400      .094  -86.122257  -8718.703;
